0.4875715460287779
0.0808153035113118
0.8280923112445587
0.23474893244171846
0.5930549422337626
0.09138107407650228
0.6324162870877243
0.13496764268521774
0.09874539113949743
0.729294660252929
0.5001689181222148
0.5607723587176039
0.5590493564412755
0.6415479136606455
0.8104558721067764
0.6114831741202829
0.4922515879876658
0.5979345223543703
0.22359480418147723
0.6528499620150877
0.938464506026727
0.37819985165593456
0.967797498276667
0.49937402450500873
0.85871962660669
0.821324096178541
0.013355995976483414
0.5819654937122742
0.7919469017234171
0.841669575711663
0.1765572778436203
0.554830340447287
0.5957306099793324
0.15702391434832308
0.8352482468729314
0.3347040683443384
0.3201450190097058
0.7739812984337101
0.06831727318792358
0.5951797990732147
0.23040477986665886
0.9442267931005254
0.1904617010997962
0.4236066730216711
0.5466564068277201
0.39203619225202624
0.17670551051273978
0.7889492711049328
0.6954223448268347
0.16318552844703035
