y1_y1
0.669943371437893
0.8510958847292414
0.642598736276985
0.9981168714554522
0.1916547544957141
4.751044731649494
1.9309350026085965
0.8039240785875471
0.7507846375408066
0.21869335377941046
0.5211235964642285
0.17347443701931473
0.46142290968319505
0.5160607813593073
0.6457165579321043
0.3913260118847098
0.46097909980557233
1.4293508313424723
0.9300747390408057
1.3018206115838427
0.6981851048854903
0.39120241645834797
1.333061991158607
0.8781661509307724
0.5863497762329709
0.3697510357278784
1.222648190295004
0.9912813892523115
1.2117780607545876
1.1441638770985394
1.0903989732950639
0.2528926279852602
1.241625708538626
1.1520016023079085
1.1802063470510118
0.28552149185773223
0.7522206639649478
0.3604121173727331
0.5583538208497149
0.19576765773991903
0.5181480894301879
3.2455665116375023
1.1386565719236903
8.602287300100418
0.5662181105877083
2.5755410685703297
2.207787041171591
0.6145002428657724
0.6320196885019553
1.6529895905375942
