0.20101804751230187
3.8097354958150156
0.2664317581682891
0.6502812447290638
1.7767821867065268
0.5701717421089884
0.3252700225351923
0.14333838631154244
0.6759527899652095
0.28638135895530337
0.13489195059603207
0.241832750761882
0.2254376936303665
0.2928641148385957
0.1668274997753251
0.9438193338448828
0.14179621409785276
0.44465290548493935
1.4986018468038762
1.4295222403560857
0.3179522025155598
0.2916302251944457
0.2604896999592731
0.22187214889373638
0.5830900926690925
0.13250708088771262
3.912564150638042
0.22722564159230788
0.3035987317040425
0.15234705707758897
0.1309455511075692
0.724785804092602
0.11575188670236154
0.25803051343825545
0.4027652967585692
0.3421629841156842
0.38536792430857825
5.778530168538619
0.4023545766746972
0.5107195056401915
1.061622415113925
0.13784711883160988
0.16388109320639424
0.13725285208252536
0.43854244572382356
0.20485060851072545
0.7183945139922766
1.000597313857505
0.12748059100767328
0.560598896591817
