1:x2_1:x2
0.3052099744125893
1.0566671758439314
2.5135668157733617
1.1655443735151167
0.4635502269742517
0.8910227438885064
1.893225121665028
0.3057172787996801
0.49114155773085905
0.4155453682811463
1.4119144050139882
0.184827633922806
0.9553441652900441
0.8021721028999987
1.4835238774778057
0.5522016545426913
0.7804979606022531
0.23504552432230597
0.5721348765165559
0.9789253985566267
0.9362115038191672
0.5067170210180666
1.0855380542889204
1.403123931685213
1.0643642277024963
0.4200837514695308
0.8118082101285231
0.5270849476768107
0.6170995762401628
1.1021854015135153
3.1075590883221245
0.40787960715433147
0.5071455815187066
0.6802837257194673
0.3289517736928736
2.467530575420252
1.4933429443783592
0.6156061894036524
0.8169013822688096
0.2674583845332643
1.9257191391243706
0.41696733575917205
1.1003606711400078
0.6147451649730831
0.6852199687346215
0.5396596313785955
1.169604980463114
1.428555958177725
1.1022499486297381
0.47412490328678825
